
strategic_region={
	id=206
	name="STRATEGICREGION_206"
	provinces={
		602 605 722 736 749 761 763 774 777 779 1299 1671 1769 1782 1788 1848 1873 3481 3498 3605 3608 3635 3640 3661 3721 3736 3763 3769 3775 3800 4218 4270 4426 4695 4739 4753 4775 4784 4790 4869 4872 4875 5119 5239 6510 6607 6610 6625 6630 6662 6676 6728 6779 6797 7185 7366 7782 7794 7899 9467 9480 9580 9583 9585 9615 9634 9667 9669 9711 9740 9743 10552 10585 10605 10611 10621 10656 10718 11440 11567 11569 11571 11585 11602 11695 11725 11728 12145 12278 12582 12593 12603 12636 12663 12682 12688 12701 13094 13159 13161 13163 13167 13168 13182 13183 13185 13187 13201 
	}
	weather={
	}
}
