
strategic_region={
	id=213
	name="STRATEGICREGION_213"
	provinces={
		13288 13776 13777 13778 13779 13780 13781 13782 13783 884 1909 2038 2094 3008 3009 3744 3887 3953 4957 5013 5039 5070 6117 7641 7959 8006 8008 8065 8122 9162 9495 9813 9840 9870 10762 10803 11710 11766 11809 11852 12747 12802 12858 12891 13241 13285 13685 
		14137 14138 14139 14140 14141 14142 14143 14144 14145 14146 14147 14148 14149
		14150 14151 14152 14153 14154 14155 14156 14157 14158 14159 
		14160 14161 14162 14163 14164 14165 14166 14167 14168 14169
		14170 14171 14172 14173 14174 14175 14176 14177 14178 14179
		14180
		14196 14197 14198 14199
		14200 14201 14202 14203 14204 14205 14206 14207 14208 14209
		14210 14211 14212 14213   
		14235
		13696
		14231
		14225
		15901
	}
	weather={
	}
}
