
strategic_region={
	id=225
	name="STRATEGICREGION_225"
	provinces={
		828 952 972 1489 1502 1508 1551 1558 1608 1627 1638 1776 1796 1811 1871 1959 2087 3828 3877 3978 4222 4495 4514 4525 4555 4612 4655 4745 4783 4809 4852 4876 4960 4986 5031 6937 6988 7048 7158 7511 7545 7575 7578 7631 7633 7648 7674 7697 7727 7743 7803 7812 7873 7894 8055 8102 8127 9831 10331 10363 10372 10397 10424 10426 10429 10451 10499 10541 10567 10612 10629 10638 10724 10770 10854 10899 11752 11836 11903 12331 12337 12348 12403 12448 12469 12478 12485 12537 12554 12609 12690 12706 12750 12880 13150 
	}
	weather={
	}
}
