
strategic_region={
	id=226
	name="STRATEGICREGION_226"
	provinces={
		13863 13862 13861 13860 13859 13858 13857 13856 13855 13802 11199 1939 2066 2176 2196 2206 2220 2281 2308 3854 4171 4201 5079 5160 5180 5196 5210 5224 6020 6651 7088 7133 8133 8144 8182 8183 8201 8205 8223 9962 10761 10845 10860 10932 10962 10976 10988 11017 11145 11687 12911 12927 12929 12944 12967 12989 13135 13176 13177 13784 13785 13786 13787 13788 13789 13790 13791 13792 13793 13794 13795 13796 13797 13798 13799 13800 13801 
	}
	weather={
	}
}
