
strategic_region={
	id=227
	name="STRATEGICREGION_227"
	provinces={
		 13870 13869 13868 13867 13866 13865 13864 1914 1953 1960 2003 2016 2046 2088 2096 4033 4138 4918 4961 4963 5060 7925 7987 7989 7996 8052 8084 8103 8105 10739 10743 10745 10764 10784 10795 10827 10851 10857 10859 10877 10900 10902 10908 12725 12744 12796 12800 12806 12826 12836 12862 12881 12887 13450 13453 13454 13458 13461 13462 13463 13464 13465 13467 13469 13470 13472 13473 13477 13478 13479 13480 13482 13483 13485 13486 13487 13489 13490 13491 13492 13495 13496 13497 13499 13500 13501 13502 13503 13504 13506 13508 13509 13510 13513 13514 13515 13516 13519 13521 13523 13524 13525 
		15504	15505	15506	15507	15508					
		15510	15511	15512	15513	15514	15515	15516	15517	15518	15519
		15520	15521	15522	15523	15524	15525	15526	15527	15528	15529
		15530	15531	15532	15533	15534	15535	15536	15537	15538	15539
		15540	15541	15542	15543	15544	15545	15546	15547	15548	15549
		15550	15551	15552	15553	15554	15555	15556	15557	15558	15559	15590
	}
	weather={
	}
}
