
strategic_region={
	id=228
	name="STRATEGICREGION_228"
	provinces={
		191 988 1181 1516 1731 1817 1929 1950 1968 2024 2034 2073 2115 2154 4128 4515 4941 5117 6027 7161 7219 7716 7931 8016 8048 9986 10025 10071 10766 10858 10883 10951 10968 11611 11934 12741 12775 12783 12795 12808 12824 12847 12896 12907 12925 12945 13355 13356 13357 13558 13559 13560 13561 13562 13563 13564 13565 13566 13567 13568 13569 13570 13571 13572 13573 13574 13575 13576 13577 13578 13579 13580 13581 13582 13583 13584 13585 13586 13587 13588 13589 13590 13591 13592 13593 13594 13595 13596 13597 
	}
	weather={
	}
}
