
strategic_region={
	id=229
	name="STRATEGICREGION_229"
	provinces={
		1891 1932 1969 1992 2025 2050 4889 4938 4952 4972 4997 5028 7978 8021 8034 8109 10488 10820 10831 12731 12817 12860 12900 13327 13336 13373 13378 13405 13411 13627 13628 13629 13931 13932 13933 13934 13935 13936 13937
		14313 14314 14315 14316 14317 14318 14319 
		14320 14321 14322 14323 14324 14325 14326 14327 14328 14329
		14330 14331 14332 14333 14334 14335 14336 14337 14338 14339
		14340 14341 14342 14343 14344 14345 14346 14347 14348 14349
		14350 14351 14352 14353 14354 14355 14356 14357 14358 14359
		14360 14361 14362 14363 14364 14365 14366 14367 14368 14369
		14370 14371 14372 14373 14374 14375 14376 14377 14378 14379
		14380 14381 14382 14383 14384 14385 14386 14387 14388 14389
		14390 14391 14392 14393 14394 14395 14396 14397 14398 14399
		14400 14401 14402 14403 14404 14405 14406 14407 14408 14409
		14410 14411 14412 14413 14414 14415 14416 14417 14418 14419
		14420 14421 14422 14423 14424 14425 14426 14427 14428 14429
		14430 14431 14432 14433 14434 14435 14436 14437 14438 14439
		14440 14441 14442 14443 14444 14445 14446 14447 14448
		14632
		14619
		14615
		14607
		14604
		14603
	}
	weather={
	}
}
