
strategic_region={
	id=246
	name="STRATEGICREGION_246"
	provinces={
		1552 2126 4735 5158 7548 8054 8138 8202 8219 8248 10966 11463 11917 12391 12958 12981 12985 13382 13383 13384 13385 13386 13387 13388 13389 13390 13391 13392 13871 13872 13873 13874 13875 13876 13877 13878 13879 13880 13881 13882 13883 13884 13885 13886 13887 13888 13889 13890 13891 13892 13893 13894 13895 13896 13897 13898 13899 13900 13901 13902 13903 13904 13905 13906 13907 13908 15997 15998 15999 16000 16001 16002 16003 16004 16005 16006 16007 16008 16009 16010 16011 16012 16013 16014 16015 16016 16017 16018 16019 16020 16021 16022 16023 16024 16025 16026 16027 16028 16029 16030 16031 16032 16033 16034 16035 16036 16037 16038 16039 16040 16041 16042 16043 16044 
	}
	weather={
	}
}
