
strategic_region={
	id=251
	name="STRATEGICREGION_251"
	provinces={
		756 1216 1384 1459 1479 1483 1493 1532 1554 1573 1576 1591 1593 1614 1623 1632 1649 1675 1825 1919 2058 3170 4224 4316 4391 4467 4482 4488 4499 4542 4549 4563 4599 4618 4629 4768 4923 4958 5003 5062 7224 7477 7486 7491 7501 7507 7541 7560 7563 7618 7635 7639 7682 7706 7775 7777 7924 8027 8099 9605 10148 10187 10205 10348 10357 10359 10395 10408 10414 10417 10420 10435 10470 10485 10510 10530 10601 10660 10671 10742 12161 12218 12233 12239 12250 12324 12333 12359 12370 12383 12430 12454 12465 12474 12491 12511 12581 12583 12640 12722 12805 13147 13372 13374 
	}
	weather={
	}
}
