
strategic_region={
	id=252
	name="STRATEGICREGION_252"
	provinces={
		1672 1696 1707 1727 1735 1761 1762 1792 1803 1810 1813 1826 1829 1876 4675 4677 4703 4705 4716 4719 4737 4750 4762 4766 4797 4808 4815 4832 4835 4837 4868 7713 7725 7736 7751 7759 7769 7786 7802 7816 7828 7835 7838 7841 7854 7860 7876 7902 10524 10528 10543 10549 10559 10562 10565 10570 10574 10583 10596 10628 10643 10654 10658 10661 10664 10681 10683 10688 10699 12506 12507 12525 12538 12540 12556 12575 12622 12641 12644 12647 12668 12681 13152 
	}
	weather={
	}
}
