
strategic_region={
	id=259
	name="STRATEGICREGION_259"
	provinces={
		15 98 334 1951 2001 6140 7950 7983 8039 8071 8096 9059 9179 9215 9217 10836 10862 10919 11088 11128 11140 11196 12742 12762 12785 12787 12843 12851 12874 13136 13676 13691 13692 13693 13694 13695 13697 
		14181 14182 14183 14184 14185 14186 14187 14188 14189 14190
		14191 14192 14193 14194 14195	
		14217 14218 14219
		14220 14221 14222 14223 14224 14226 14227 14228 14229
		14230 14232 14233 14234 14236 14237 14238 14239
		14240 14241 14242 14243 14244 14245 14246 14247 14248 14249
		14250 14251
		14216 14215
		14214
		14252 14253 14254 14255 14256 14257 14258 14259
		14260 14261 14262 14263 14264 14265 14266 14267 14268 14269
		14270 14271 14272 14273 
		14311 14310 14312 14309
	}
	weather={
	}
}
