
strategic_region={
	id=261
	name="STRATEGICREGION_261"
	provinces={
		1307 2120 2123 2159 2180 2193 2202 2217 3127 3964 5155 5164 5177 5212 6034 6070 6075 6162 6166 7346 8245 9150 9158 9176 10972 11124 11170 12013 12935 12950 12971 
		15413	15414	15415	15416	15417	15418	15419			
		15420	15421	15422	15423	15424	15425	15426	15427	15428	15429
		15430	15431	15432	15433	15434	15435	15436	15437	15438	15439
		15440	15441	15442	15443	15444	15445	15446	15447	15448	15449
		15450	15451	15452	15453	15454	15455	15456	15457	15458	15459
		15460	15461	15462	15463	15464	15465	15466	15467		
	}
	weather={
	}
}
