
strategic_region={
	id=295
	name="STRATEGICREGION_295"
	provinces={
		2255 2123 2159 2180 2202 2217 3964 5155 5164 5221 6034 6075 6162 7346 9158 10930 10972 11124 11170 12013 12908 12950 12971 12986 13611 13617 13618 13619 13622 15182 15189 15195 15200 15204 15205 15207 15208 15211 15212 15216 15217 15221 15231 15232 15233 15234 15235 15236 15237 15238 15239 15240 15241 15242 15243 15244 15245 15246 15440 15442 15443 15444 15445 15446 15447 15448 15449 15450 15451 15452 15453 15454 15455 15456 15457 15458 15459 15460 15461 15462 15463 15464 15465 15466 15467 
	}
	weather={
	}
}
