strategic_region = {
	id = 301
	name = "STRATEGICREGION_301"

	provinces = {
		17200 2220 2308 3854 4171 4201 6651 7088 8144 9962 11017 12929 12989 13176 13177 13792 13793 13794 13795 13796 13797 13798 13799 13800 13855 13856 13857 13858 13859 13860 13861 14037 14038 14039 14040 14041 14042 14043 14044 14045 14046 14047 14048 14049 14050 14051 14052 14053 14054 14055 14056 14057 14058 15118 15128 15131 15134 15139 15141 15144 15145 15146 15147 15149 15151 15152 15153 15154 15155 15156 15157 15158 15159 
	}

	weather = {
	}
}
