2 2 7994 2097 3795 1600 10106 10804 1549 12416 11759 
2 2 10106 1938 10882 901 3942
2 2 2097 7994 10876 
2 2 3795 13305 8123 3916 5014 1822 12861 1896
2 2 3795 12046 12839
2 2 3916 10106 
2 2 2097 13633 12839 12413 1631
2 2 1631 4440 1544 13849 7001 7151 13723 13851 1201
2 2 1201 13851 13850 7107 13224 13848 13377 11970 13376 4161 13362 11979    
2 2 1201 1065 15604 11919 792 13262 15607 1108 4550 1056 7140 12473 13289 12029     
2 2 792 13265 2007 4111
2 2 4111 3922 13208 13852 7151
2 2 1201 13853 1074 3922 4111
2 2 1631 10383 7184 4111
2 2 1631 10383 12442 4550 
2 2 4550 1072 3942 
2 2 12839 12413 2013 3942 1606 13235 12473
2 2 1606 1325 13236 9893 3889 806 12029 
5 13 12299 4424 9872 7427 4412 4024 10297 1376 1364 7342 6746 1291 12144 
1 8 12299 4424 9872 12271 1392 903 12199 7329 
1 8 2089 15699 15698 8001 13632 2004 7994 2097 
1 5 5010 13408 8036 7980 8124 
1 8 12725 7989 2046 12826 15553 15552 15548 12881 
1 10 12881 15590 15540 15537 15539 13521 2088 15546 2003 12725
1 12 15537 1914 13508 12887 15517 13499 13504 10851 13506 15519 13501 15523 
1 3 13504 13509 15533 
1 9 1071 4145 4076 7091 11964 10005 12049 1155 11979 
1 16 1155 12049 7011 12004 4143 7188 7030 10028 1151 12071 11999 10844 8105 4963 8103 12826 
1 2 7011 4073 
1 2 7011 4055 
1 4 7011 10073 7164 4076 
1 13 11747 6925 9901 3907 6808 3951 3786 3851 11811 11829 9833 922 3893 
1 5 9833 11829 11811 3786 947 
1 10 11747 6925 9901 3907 909 3983 3856 11796 6992 4112 
1 16 9893 3889 806 11746 11810 9830 9763 9755 940 11860 6877 909 3907 9901 6925 11747 
1 3 11746 11810 10056 
1 3 11746 806 12029 
1 10 11747 804 3862 3807 921 6977 9777 3903 3935 11894 
1 4 921 9830 11810 11746 
1 7 11759 7620 9912 9893 3889 806 11746 
1 6 11853 13395 6991 12376 3564 12320 
1 6 2196 15115 15120 15124 15130 15138 
1 5 15111 15112 8205 15113 12911 
1 4 15138 15143 5224 15150 
1 4 12911 15117 15119 15127 
1 4 15127 15126 15121 15128 
1 4 2176 15116 15126 15127 
1 4 15152 15146 15135 15127 
