1 74 
1 101 
1 117 
1 121 
1 122 
1 158 
1 191 
1 192 
1 306 
1 321 
1 336 
1 362 
1 383 
1 394 
1 405 
1 413 
1 418 
1 492 
1 495 
1 512 
1 514 
1 516 
1 525 
1 564 
1 575 
1 587 
1 620 
1 663 
1 678 
1 690 
1 692 
1 719 
1 751 
1 755 
1 782 
1 788 
1 792 
1 819 
1 848 
1 853 
1 865 
1 885 
1 904 
1 925 
1 947 
1 949 
1 957 
1 962 
1 1015 
1 1024 
1 1025 
1 1047 
1 1054 
1 1059 
1 1069 
1 1070 
1 1071 
1 1086 
1 1088 
1 1092 
1 1108 
1 1117 
1 1127 
1 1130 
1 1132 
1 1136 
1 1142 
1 1145 
1 1147 
1 1149 
1 1150 
1 1155 
1 1182 
1 1190 
1 1201 
1 1238 
1 1262 
1 1273 
1 1284 
1 1319 
1 1321 
1 1330 
1 1342 
1 1349 
1 1383 
1 1384 
1 1403 
1 1408 
1 1415 
1 1459 
1 1464 
1 1468 
1 1530 
1 1550 
1 1562 
1 1572 
1 1575 
1 1578 
1 1595 
1 1597 
1 1599 
1 1606 
1 1626 
1 1637 
1 1639 
1 1649 
1 1650 
1 1684 
1 1690 
1 1709 
1 1719 
1 1723 
1 1734 
1 1769 
1 1771 
1 1811 
1 1821 
1 1843 
1 1848 
1 1866 
1 1896 
1 1903 
1 1908 
1 1909 
1 1914 
1 1920 
1 1939 
1 1951 
1 1954 
1 1964 
1 1965 
1 1971 
1 1982 
1 2020 
1 2024 
1 2026 
1 2029 
1 2046 
1 2050 
1 2086 
1 2089 
1 2097 
1 2103 
1 2115 
1 2152 
1 2169 
1 2197 
1 2199 
1 2207 
1 2210 
1 2224 
1 3010 
1 3013 
1 3022 
1 3061 
1 3083 
1 3104 
1 3113 
1 3117 
1 3151 
1 3152 
1 3187 
1 3211 
1 3277 
1 3320 
1 3325 
1 3335 
1 3338 
1 3447 
1 3456 
1 3516 
1 3529 
1 3535 
1 3547 
1 3552 
1 3578 
1 3580 
1 3594 
1 3617 
1 3618 
1 3652 
1 3653 
1 3663 
1 3668 
1 3671 
1 3672 
1 3678 
1 3686 
1 3706 
1 3731 
1 3734 
1 3775 
1 3778 
1 3780 
1 3803 
1 3815 
1 3823 
1 3858 
1 3893 
1 3914 
1 3916 
1 3917 
1 3936 
1 3938 
1 3942 
1 3957 
1 3960 
1 3962 
1 3972 
1 3984 
1 3992 
1 4008 
1 4045 
1 4047 
1 4051 
1 4052 
1 4055 
1 4073 
1 4088 
1 4102 
1 4106 
1 4108 
1 4109 
1 4110 
1 4111 
1 4112 
1 4115 
1 4119 
1 4135 
1 4149 
1 4159 
1 4165 
1 4179 
1 4187 
1 4189 
1 4190 
1 4192 
1 4206 
1 4209 
1 4219 
1 4227 
1 4245 
1 4285 
1 4345 
1 4379 
1 4397 
1 4401 
1 4410 
1 4424 
1 4476 
1 4516 
1 4525 
1 4528 
1 4542 
1 4543 
1 4550 
1 4556 
1 4569 
1 4576 
1 4600 
1 4607 
1 4608 
1 4619 
1 4623 
1 4626 
1 4640 
1 4646 
1 4696 
1 4718 
1 4719 
1 4723 
1 4725 
1 4735 
1 4739 
1 4748 
1 4768 
1 4797 
1 4799 
1 4805 
1 4819 
1 4833 
1 4845 
1 4865 
1 4872 
1 4879 
1 4908 
1 4909 
1 4948 
1 4950 
1 4958 
1 4975 
1 4979 
1 4987 
1 4997 
1 4998 
1 5010 
1 5022 
1 5037 
1 5054 
1 5055 
1 5068 
1 5074 
1 5088 
1 5098 
1 5103 
1 5105 
1 5107 
1 5110 
1 5112 
1 5121 
1 5131 
1 5143 
1 5157 
1 5166 
1 5168 
1 5179 
1 5199 
1 5212 
1 5221 
1 5228 
1 5230 
1 5310 
1 6027 
1 6050 
1 6115 
1 6146 
1 6147 
1 6176 
1 6187 
1 6241 
1 6245 
1 6262 
1 6287 
1 6296 
1 6322 
1 6332 
1 6380 
1 6389 
1 6418 
1 6420 
1 6446 
1 6449 
1 6464 
1 6469 
1 6474 
1 6501 
1 6521 
1 6524 
1 6536 
1 6558 
1 6560 
1 6590 
1 6598 
1 6600 
1 6606 
1 6610 
1 6613 
1 6626 
1 6638 
1 6647 
1 6652 
1 6657 
1 6696 
1 6700 
1 6710 
1 6711 
1 6720 
1 6724 
1 6732 
1 6766 
1 6769 
1 6780 
1 6785 
1 6788 
1 6799 
1 6845 
1 6855 
1 6857 
1 6882 
1 6890 
1 6906 
1 6923 
1 6929 
1 6944 
1 6981 
1 6984 
1 6994 
1 6997 
1 7011 
1 7013 
1 7015 
1 7021 
1 7069 
1 7071 
1 7072 
1 7087 
1 7091 
1 7097 
1 7107 
1 7108 
1 7124 
1 7125 
1 7132 
1 7138 
1 7151 
1 7164 
1 7177 
1 7183 
1 7186 
1 7191 
1 7193 
1 7197 
1 7202 
1 7203 
1 7211 
1 7221 
1 7236 
1 7260 
1 7274 
1 7297 
1 7315 
1 7329 
1 7351 
1 7361 
1 7375 
1 7376 
1 7379 
1 7381 
1 7386 
1 7388 
1 7391 
1 7395 
1 7408 
1 7427 
1 7438 
1 7451 
1 7477 
1 7492 
1 7552 
1 7590 
1 7621 
1 7634 
1 7638 
1 7651 
1 7654 
1 7658 
1 7661 
1 7673 
1 7716 
1 7741 
1 7761 
1 7783 
1 7797 
1 7832 
1 7835 
1 7959 
1 7960 
1 7993 
1 8008 
1 8011 
1 8017 
1 8022 
1 8023 
1 8032 
1 8043 
1 8047 
1 8057 
1 8079 
1 8087 
1 8103 
1 8111 
1 8113 
1 8117 
1 8123 
1 8124 
1 8189 
1 8221 
1 8223 
1 8240 
1 8241 
1 8244 
1 8248 
1 8252 
1 9056 
1 9126 
1 9140 
1 9206 
1 9209 
1 9221 
1 9247 
1 9262 
1 9279 
1 9296 
1 9329 
1 9335 
1 9340 
1 9346 
1 9355 
1 9387 
1 9393 
1 9417 
1 9434 
1 9483 
1 9498 
1 9503 
1 9510 
1 9517 
1 9521 
1 9557 
1 9559 
1 9570 
1 9617 
1 9620 
1 9623 
1 9627 
1 9635 
1 9648 
1 9660 
1 9671 
1 9680 
1 9713 
1 9737 
1 9753 
1 9764 
1 9777 
1 9783 
1 9784 
1 9803 
1 9805 
1 9814 
1 9832 
1 9833 
1 9843 
1 9849 
1 9859 
1 9890 
1 9897 
1 9902 
1 9904 
1 9907 
1 9914 
1 9930 
1 9950 
1 9951 
1 9958 
1 9974 
1 9975 
1 9978 
1 9980 
1 10000 
1 10005 
1 10035 
1 10041 
1 10056 
1 10059 
1 10060 
1 10062 
1 10066 
1 10067 
1 10076 
1 10081 
1 10092 
1 10106 
1 10110 
1 10113 
1 10118 
1 10125 
1 10135 
1 10139 
1 10149 
1 10177 
1 10201 
1 10270 
1 10278 
1 10297 
1 10334 
1 10337 
1 10354 
1 10362 
1 10400 
1 10404 
1 10422 
1 10433 
1 10447 
1 10513 
1 10522 
1 10547 
1 10548 
1 10609 
1 10627 
1 10650 
1 10678 
1 10696 
1 10708 
1 10710 
1 10717 
1 10729 
1 10747 
1 10760 
1 10803 
1 10809 
1 10831 
1 10833 
1 10837 
1 10840 
1 10862 
1 10875 
1 10876 
1 10879 
1 10886 
1 10889 
1 10906 
1 10928 
1 10929 
1 10946 
1 10953 
1 10966 
1 10968 
1 10978 
1 10980 
1 11002 
1 11050 
1 11088 
1 11105 
1 11114 
1 11117 
1 11148 
1 11153 
1 11183 
1 11202 
1 11204 
1 11225 
1 11241 
1 11370 
1 11372 
1 11375 
1 11437 
1 11465 
1 11479 
1 11481 
1 11505 
1 11506 
1 11531 
1 11535 
1 11539 
1 11542 
1 11544 
1 11548 
1 11560 
1 11562 
1 11581 
1 11584 
1 11586 
1 11596 
1 11654 
1 11666 
1 11670 
1 11686 
1 11687 
1 11691 
1 11695 
1 11725 
1 11746 
1 11747 
1 11751 
1 11757 
1 11759 
1 11765 
1 11771 
1 11775 
1 11800 
1 11805 
1 11829 
1 11833 
1 11834 
1 11835 
1 11837 
1 11853 
1 11887 
1 11894 
1 11905 
1 11913 
1 11914 
1 11919 
1 11921 
1 11943 
1 11954 
1 11963 
1 11965 
1 11968 
1 11969 
1 11975 
1 11977 
1 11978 
1 11984 
1 11999 
1 12040 
1 12051 
1 12054 
1 12066 
1 12068 
1 12076 
1 12084 
1 12100 
1 12133 
1 12137 
1 12149 
1 12189 
1 12258 
1 12268 
1 12271 
1 12299 
1 12307 
1 12320 
1 12322 
1 12329 
1 12333 
1 12338 
1 12344 
1 12357 
1 12361 
1 12362 
1 12364 
1 12366 
1 12376 
1 12377 
1 12381 
1 12384 
1 12421 
1 12442 
1 12459 
1 12473 
1 12501 
1 12515 
1 12547 
1 12568 
1 12582 
1 12583 
1 12589 
1 12603 
1 12632 
1 12648 
1 12662 
1 12702 
1 12708 
1 12714 
1 12725 
1 12727 
1 12731 
1 12735 
1 12738 
1 12751 
1 12766 
1 12782 
1 12786 
1 12790 
1 12792 
1 12810 
1 12822 
1 12823 
1 12826 
1 12835 
1 12839 
1 12850 
1 12853 
1 12857 
1 12865 
1 12876 
1 12881 
1 12883 
1 12885 
1 12929 
1 12953 
1 12966 
1 12973 
1 12981 
1 12985 
1 12991 
1 12992 
1 12994 
1 12999 
1 13011 
1 13069 
1 13087 
1 13091 
1 13092 
1 13207 
1 13214 
1 13215 
1 13216 
1 13217 
1 13224 
1 13234 
1 13239 
1 13253 
1 13260 
1 13261 
1 13278 
1 13285 
1 13288 
1 13309 
1 13314 
1 13326 
1 13328 
1 13330 
1 13339 
1 13344 
1 13349 
1 13356 
1 13376 
1 13391 
1 13396 
1 13413 
1 13487 
1 13504 
1 13534 
1 13535 
1 13536 
1 13559 
1 13596 
1 13598 
1 13628 
1 13632 
1 13643 
1 13654 
1 13657 
1 13664 
1 13669 
1 13692 
1 13723 
1 13784 
1 13796 
1 13831 
1 13847 
1 13848 
1 13850 
1 13852 
1 13856 
1 13857 
1 13859 
1 13860 
1 13875 
1 13886 
1 13892 
1 13899 
1 13911 
1 13913 
1 13930 
1 13946 
1 14027 
1 14066 
1 14068 
1 14139 
1 14142 
1 14151 
1 14221 
1 14257 
1 14262 
1 14263 
1 14309 
1 14316 
1 14317 
1 14323 
1 14329 
1 14332 
1 14361 
1 14372 
1 14387 
1 14393 
1 14404 
1 14442 
1 14447 
1 14593 
1 14600 
1 14622 
1 14648 
1 14664 
1 14672 
1 14678 
1 14687 
1 14702 
1 14733 
1 14752 
1 14768 
1 14800 
1 14812 
1 14814 
1 14839 
1 14850 
1 14866 
1 14881 
1 15004 
1 15079 
1 15165 
1 15178 
1 15202 
1 15233 
1 15245 
1 15262 
1 15294 
1 15295 
1 15316 
1 15414 
1 15417 
1 15420 
1 15435 
1 15437 
1 15494 
1 15523 
1 15558 
1 15562 
1 15564 
1 15565 
1 15567 
1 15591 
1 15599 
1 15601 
1 15718 
1 15747 
1 15752 
1 15770 
1 15779 
1 15789 
1 15826 
1 15846 
1 15888 
1 15898 
1 15931 
1 15972 
1 16013 
1 16038 
1 16046 
